4294967279,80
4294967279,79
4294967279,82
4294967279,81
4294967278,310
4294967279,303
4294967278,309
4294967279,86
4294967279,85
4294967279,84
4294967279,83
4294967279,302
4294967278,308
4294967278,189
4294967279,91
4294967279,90
4294967279,89
4294967279,87
4294967279,301
4294967278,307
4294967279,300
4294967279,100
4294967279,99
4294967279,98
4294967279,97
4294967279,96
4294967279,95
4294967279,94
4294967279,93
4294967279,92
4294967278,306
4294967279,119
4294967279,118
4294967279,117
4294967279,116
4294967279,115
4294967279,114
4294967279,113
4294967279,112
4294967279,111
4294967279,110
4294967279,109
4294967279,108
4294967279,107
4294967279,106
4294967279,105
4294967279,104
4294967279,103
4294967279,102
4294967279,101
4294967279,299
4294967294,75
4294967294,169
4294967294,174
4294967278,37
4294967278,36
4294967278,35
4294967278,34
4294967278,33
4294967278,32
4294967278,31
4294967278,30
4294967278,29
4294967278,28
4294967278,27
4294967278,26
4294967278,25
4294967278,24
4294967278,23
4294967278,22
4294967278,21
4294967278,20
4294967278,19
4294967278,18
4294967278,17
4294967278,16
4294967278,15
4294967278,14
4294967278,13
4294967278,12
4294967278,11
4294967278,10
4294967278,9
4294967278,8
4294967278,7
4294967278,6
4294967278,5
4294967278,4
4294967279,132
4294967279,131
4294967279,130
4294967279,129
4294967279,128
4294967279,127
4294967279,126
4294967279,125
4294967279,124
4294967279,123
4294967279,122
4294967279,121
4294967279,120
4294967279,22
4294967279,20
4294967279,19
4294967279,17
4294967279,16
4294967279,15
4294967279,14
4294967279,12
4294967278,186
4294967278,185
4294967278,184
4294967279,298
4294967278,305
4294967278,181
4294967278,180
9,4
9,3
9,2
9,1
4294967279,297
4294967278,179
4294967294,437
4294967278,178
4294967278,177
4294967278,304
4294967279,296
4294967279,295
4294967278,176
8,5
4294967278,173
8,4
4294967278,172
8,3
8,2
8,1
4294967278,303
0,7
4294967278,171
4294967294,903
4294967294,0
4294967294,904
4294967294,186
4294967279,294
4294967294,107
4294967294,91
4294967294,90
4294967294,87
4294967294,86
4294967294,85
4294967294,84
4294967294,419
4294967294,950
4294967294,949
4294967294,29
4294967294,921
4294967294,28
4294967294,946
4294967294,53
4294967294,393
4294967294,389
4294967294,390
4294967294,114
4294967294,120
4294967294,2
4294967294,45
4294967294,427
4294967294,44
4294967294,96
4294967294,94
4294967278,302
4294967294,9
4294967278,169
4294967294,8
4294967278,301
4294967279,293
4294967279,0
4294967294,6
4294967294,10
4294967278,168
4294967278,167
4294967278,166
4294967278,165
4294967278,164
4294967278,163
4294967294,966
4294967294,964
4294967294,963
4294967294,962
4294967294,960
4294967294,917
4294967294,915
4294967294,914
4294967294,912
4294967294,911
4294967294,910
4294967294,907
4294967294,902
4294967294,901
4294967294,900
4294967294,401
4294967294,967
4294967294,965
4294967294,961
4294967294,918
4294967294,916
4294967294,909
4294967294,905
4294967294,899
4294967294,182
4294967294,173
4294967294,170
4294967294,93
4294967294,95
4294967294,50
4294967294,190
4294967294,898
4294967294,97
4294967294,189
4294967294,184
4294967294,384
4294967294,185
4294967278,162
4294967294,424
4294967294,417
4294967294,112
4294967294,161
4294967294,180
4294967294,469
4294967294,920
4294967294,27
4294967294,942
4294967294,941
4294967294,939
4294967294,938
4294967294,933
4294967294,922
4294967294,436
4294967294,830
4294967294,829
4294967294,828
4294967294,827
4294967294,60
4294967294,30
4294967294,164
4294967294,163
4294967294,1
4294967294,46
4294967294,5
4294967294,42
4294967294,76
4294967294,36
4294967294,39
4294967294,41
4294967294,115
4294967294,387
4294967294,388
4294967294,51
4294967294,165
4294967294,113
4294967294,167
4294967294,177
4294967294,81
4294967294,970
4294967294,92
4294967294,88
4294967294,11
4294967294,175
4294967294,183
4294967294,176
4294967294,82
4294967294,22
4294967294,17
4294967294,99
4294967294,43
4294967294,52
4294967294,450
4294967294,444
4294967294,421
4294967294,67
